0   1   2 102/201  13  540654 4431315   3  540663 4431325   3
0   1   3 103/301  13  540654 4431315   3  540663 4431325   3
0   1   4 104/401  13  540654 4431315   3  540663 4431325   3
0   1   5 105/501  13  540654 4431315   3  540663 4431325   3
0   2   3 203/302  13  540654 4431315   3  540663 4431325   3
0   2   4 204/402  13  540654 4431315   3  540663 4431325   3
0   2   5 205/502  13  540654 4431315   3  540663 4431325   3
0   3   4 304/403  13  540654 4431315   3  540663 4431325   3
0   3   5 305/503  13  540654 4431315   3  540663 4431325   3
0   4   5 405/504  13  540654 4431315   3  540663 4431325   3
